151 Ar

'Arqrbth (11111111. νῦν d· 11 mmai 111ῡῖ (1111111111 1111 811111
(501 0.).

naq. 1. Pomm Ι. 1111111111 1111111111. dni? 0111140. 41. 212
30552115801170111. 7111111. 844111. 803. 004. 1108 111. 1321. 0
11. 2111501111637. 751. 7113. 775. 770. 803. 810. 803111. 015. 11
11110. 1180111. 1380. 1525. 01160131. 3114. 5011. 573. 030. 14
11132. 11150 m. Ant. 347111. 400. 4801111. 057. 702. 1012. 1078. Ι’111
3 5. 3111. 400. 548. 1148. 1228. ,11. 0. 77. 225111. 284. 317. 3375·
770. 8115. 1135111.1158.070.111111. 1022. 1041. 1173111. 1247. 1334. 13
1354. 1302. 1378. 13021111. 111. 181 111. 312. 11115. 052. 0115. 1212131
111111. 111. Ι (110 0.). 311. 1 (00 0.). 11111. 111. 1 (U) D.). Alond. 31.
1101111). 31111111. 2 (141111.) 11111111. 1. 2 (255 0.). 1111111111
phaedr. ΙΙΙ. 3 1116611). 1. 2 11108 0.). inc. xlv. 1 (11118 0.). 1.. 4(7
0.). 11111. 5 (718 0.).1111111. 2 (750 0.).

1111111111111111111. 1111. 1111. 11111. mo ιι.. 1111 a 111
0.·1. 11. 11. 111. 111. 111. 111. 311. 111. 111. 111. 11111 1111111
1444. 1404. 0111. 13111. 73. 100. 302. 473. 037. 1155. 834. 810. 118
1111. 1111. 11111. 1111. Ant. 175. 1111. 111. 111. 111. 111. 1111. 1111
11. 1111. 111. 11111. 1111. 3111. 311. 111. 181. 1111111. 1111. 1111 111
12411. 111. 311. 110. 210 an. 220111. 313. 441. 770. 7113. 804. 1100110
1148. 1215. 12311. 13011. El. 15. 552. 657. 6112. 673. 8711. 714. 1⁵]
Ai. Locr. 11. 4 (14 0.). 11111111. 11 (1001),). synd. 11113 (m
Tynd. Ι. 2 (572 0.). 111113 (11111 0.). CH (7811 0.).

111011. Phil. 1400. 0111. 11. 245. 820. 1113. 1130. 1281. 0111. 12
1331. 1170. 1543. Ant. 0811. 1150. 1228. Tneb- 40. 00. 440. mu
1111». 11. 11. 111111 111. 1111. 11111 an. 1111111. ι (111 11.) 1
1111 (671 0.).

ἄνδρα. Phil. 116. 1211. 136111. 227. 2110. 431. 5611. 1112. 81οΙ
111. 11111. 1111. 111111. 1111. κ. 1311. 111. 111. 11111.. 111. 111111
111. 811. 118. 1111. 1111. 1111. (111101. 11. 1111. 1111. 8111 1111111
1158. 1184. 1348. 14110111. 11145. Ant. 187. 308. 400. 001. m. 717. fl
1274 111. 1320 m. Tmen. 35. 178. 220. 7311. 808. 1012. 31. 50. ωι1
325. 404. 117 m. 468. 728. 7110. 874111. 1023. 1050. 10511. 1072. 10
1121. 1120. 1135. 1230. 1275. 1311. 1310. 1323. 1331. 1371. El..
1425. 1431 111 Creus. 11. 6 (325 0.). Ρ11111111. 11. 1 (0051),). 1
111. 1 (111 11.).

'Met nom. 111111. Ρ1111.535.587.

Mete· 0111. 11. 1160. 0111111111111. Ant 203. 037. 11
,11.011. 1217. 111111. 10011. 13111.

 

